
[0.         0.         0.         0.         0.         0.
 0.         0.         0.         0.         0.         0.
 0.         0.         0.         0.         0.         0.
 0.         0.         0.         0.         0.         0.
 0.         0.         0.         0.         0.         0.
 0.         0.         0.         0.         0.         0.
 3.13262833 3.19758606 5.8645418  3.28486598 4.5300676  4.8509918
 5.84042822 7.43394865 5.36074352 5.56077217 5.54240986 6.1647923
 5.58484617 6.2041604  3.03145222 5.61932479 4.36494939 7.34567144
 4.41664068 4.93294218 6.03006246 4.85697431 3.32641504 6.03605829
 7.88000897 6.00767651 6.48765607 7.873472   6.10232752 6.5790071
 6.72696252 6.25562654 6.45595217 7.79612274 5.0934232  3.90397324
 6.99231527 5.67170461 7.54553891 4.83005341 3.43283823 6.44042899
 5.18737549 3.76706528 7.83049134 6.73559452 4.87892505 3.73101227
 3.65108008 5.58335219 7.10286815 6.2243462  5.20407585 5.79064321
 4.22823984 7.28589468 6.65781574 7.90465069 5.06540265 6.58173192
 6.77972467 6.60040104 5.17806984 5.93847683 6.02750187 7.94875009
 4.65126678 7.35599356 4.50856196 6.86823438 4.96413951 3.04832583
 0.         0.         0.         0.         0.         0.
 0.         0.         0.         0.         0.         0.
 0.         0.         0.         0.         0.         0.
 0.         0.         0.         0.         0.         0.
 0.         0.         0.         0.         0.         0.
 0.         0.         0.         0.         0.         0.        ]
